     0/199     2.38G   0.01172   0.01683   0.05798       118       640    0.8887    0.7349    0.8371    0.4688    0.4628    0.0101   0.01513   0.06259
     1/199     9.45G   0.01049   0.01183   0.05316       109       640    0.9385    0.7662    0.8792    0.5361    0.5058  0.009704   0.01255   0.06056
     2/199     9.76G   0.01008   0.01068   0.05162        85       640    0.8864    0.8102    0.8932    0.5591    0.5219  0.009482   0.01185    0.0597
     3/199     9.76G  0.009821   0.01004   0.05074       122       640    0.9179    0.8138    0.9001    0.5362    0.5207  0.009754   0.01172   0.06036
     4/199     9.76G  0.009543  0.009456   0.04942       101       640     0.903    0.8377    0.9191    0.6207    0.5603  0.009065   0.01041   0.05715
     5/199     9.76G   0.00941  0.009233   0.04904       102       640     0.917    0.8342    0.9109    0.5806    0.5391  0.009423   0.01071   0.05857
     6/199     9.76G  0.009267  0.008959   0.04856       115       640    0.9241    0.8635    0.9257    0.5749    0.5441  0.009435  0.009893   0.05839
     7/199     9.76G  0.009152  0.008704   0.04796       108       640    0.9404    0.8604     0.926    0.6149    0.5649   0.00923  0.009202   0.05769
     8/199     9.76G  0.009087  0.008644   0.04766        85       640     0.919    0.8498    0.9166    0.5686    0.5335   0.00964  0.009866   0.05985
     9/199     9.76G  0.009092  0.008559   0.04775        99       640     0.937    0.8583    0.9278    0.5904    0.5579  0.009266  0.009392   0.05769
    10/199     9.76G  0.009011  0.008437   0.04752        97       640    0.8265    0.7431     0.817    0.4351    0.4439   0.01136   0.01348   0.06612
    11/199     9.76G  0.008952   0.00833   0.04735       114       640    0.9501    0.8664    0.9349     0.629    0.5658  0.009051  0.009131   0.05693
    12/199     9.76G  0.008909  0.008273   0.04708        92       640    0.9241    0.8674    0.9285    0.6043     0.551  0.009288  0.009399   0.05742
    13/199     9.76G  0.008836  0.008158   0.04694       102       640     0.942    0.8915    0.9442    0.6491    0.5839  0.008788  0.008615   0.05578
    14/199     9.76G  0.008789  0.008125   0.04686        94       640    0.9286    0.8386    0.9195    0.5951    0.5529   0.00926  0.009844   0.05728
    15/199     9.76G  0.008771  0.008092   0.04677       122       640    0.9326    0.8779    0.9377    0.6162    0.5626   0.00923  0.008838   0.05732
    16/199     9.76G  0.008762  0.007978    0.0465       114       640    0.9288     0.853    0.9236    0.5687    0.5368  0.009431  0.009199   0.05846
    17/199     9.76G  0.008711  0.007927   0.04644       156       640    0.9452    0.8932    0.9511    0.6597    0.5879  0.008698  0.008183   0.05533
    18/199     9.76G  0.008678  0.007854   0.04614       119       640    0.9346    0.8638    0.9363    0.6274    0.5671  0.008999  0.008967   0.05607
    19/199     9.76G  0.008657  0.007853   0.04612       100       640    0.9426    0.8603    0.9344    0.6216    0.5722  0.008854  0.008812   0.05595
    20/199     9.76G  0.008618  0.007827   0.04595       118       640    0.9386      0.85    0.9365    0.6306    0.5731  0.008862  0.008731   0.05604
    21/199     9.76G  0.008635  0.007763   0.04602        82       640    0.9398    0.8785    0.9407    0.6058    0.5589  0.009281  0.008763   0.05711
    22/199     9.76G  0.008612  0.007777   0.04591       110       640    0.9443    0.8746    0.9415    0.6355    0.5773  0.008832  0.008618   0.05582
    23/199     9.76G   0.00858  0.007707   0.04569       126       640    0.9252    0.8745    0.9337    0.5975    0.5608  0.009177  0.008941    0.0572
    24/199     9.76G  0.008513   0.00765   0.04547       112       640    0.9205    0.7987    0.8962    0.5459    0.5268  0.009638      0.01   0.05898
    25/199     9.76G  0.008546  0.007657   0.04577       110       640    0.9329    0.8385    0.9239    0.5597    0.5385  0.009472  0.009386   0.05817
    26/199     9.76G  0.008486   0.00759   0.04539        93       640    0.9356    0.8687    0.9358    0.5973    0.5573  0.009211  0.008814   0.05743
    27/199     9.76G  0.008502  0.007613   0.04558        76       640    0.9224    0.8651    0.9327    0.5925    0.5478  0.009241  0.008983   0.05715
    28/199     9.76G  0.008468   0.00758    0.0454       111       640    0.9486    0.8815    0.9501    0.6354    0.5851  0.008815  0.008232    0.0553
    29/199     9.76G  0.008472  0.007532   0.04543       104       640    0.9288    0.8892    0.9458    0.6174    0.5691  0.009005  0.008303   0.05647
    30/199     9.76G  0.008427  0.007483   0.04523        89       640    0.9456    0.8901    0.9493    0.6395    0.5854  0.008764  0.008217   0.05554
    31/199     9.76G  0.008455  0.007512    0.0455       116       640    0.9495    0.8788    0.9472     0.641    0.5857  0.008747  0.008189   0.05538
    32/199     9.76G  0.008399  0.007443   0.04523       119       640    0.9495    0.8817    0.9482    0.6417    0.5896  0.008708   0.00814   0.05514
    33/199     9.76G  0.008405  0.007446   0.04516       125       640    0.9561    0.8769    0.9481    0.6344    0.5856  0.008756  0.008104   0.05591
    34/199     9.76G  0.008393  0.007427   0.04524       117       640    0.9462    0.8847    0.9494    0.6335    0.5826  0.008703  0.008024   0.05552
    35/199     9.76G  0.008369  0.007423   0.04504       113       640    0.9456    0.8788    0.9445    0.6366    0.5807  0.008843  0.008144    0.0558
    36/199     9.76G  0.008403  0.007396    0.0452       113       640    0.9527    0.8577    0.9409    0.6425     0.582  0.008786  0.008226   0.05569
    37/199     9.76G  0.008339  0.007319   0.04498       115       640    0.9313     0.878    0.9416    0.6256    0.5769  0.008884   0.00824   0.05596
    38/199     9.76G  0.008345  0.007307   0.04498       117       640    0.9518    0.8828     0.947    0.6282    0.5802  0.008828  0.008059   0.05567
    39/199     9.76G  0.008335  0.007309   0.04487       103       640    0.9496    0.8557    0.9393    0.6209    0.5744  0.008957  0.008303   0.05629
    40/199     9.76G  0.008312  0.007304   0.04488        92       640     0.967     0.844    0.9455    0.6491    0.5888  0.008606  0.007988     0.055
    41/199     9.76G  0.008289    0.0073    0.0448        88       640    0.9627    0.8885    0.9576    0.6629    0.5987  0.008585  0.007619   0.05468
    42/199     9.76G  0.008262  0.007241   0.04484       100       640    0.9454    0.8946    0.9516    0.6377    0.5876  0.008721  0.007758   0.05545
    43/199     9.76G  0.008297  0.007268   0.04477        98       640    0.9575    0.8803    0.9502    0.6441    0.5892  0.008709  0.007916   0.05503
    44/199     9.76G  0.008246  0.007211   0.04463       145       640    0.9495    0.8976    0.9527    0.6535    0.5924  0.008666  0.007634   0.05491
    45/199     9.76G  0.008232  0.007172   0.04455       121       640    0.9435    0.8938    0.9495    0.6314    0.5851  0.008786  0.007963   0.05532
    46/199     9.76G  0.008219  0.007169   0.04451       122       640    0.9476    0.8986    0.9535    0.6481    0.5921  0.008658  0.007677   0.05492
    47/199     9.76G  0.008266  0.007221   0.04468       107       640    0.9362    0.8974    0.9508    0.6423    0.5873  0.008727  0.007773   0.05532
    48/199     9.76G  0.008239  0.007196   0.04454       153       640    0.9473    0.8946    0.9527    0.6405    0.5865  0.008736  0.007642   0.05535
    49/199     9.76G  0.008214  0.007141   0.04446        87       640    0.9591    0.8898    0.9544    0.6552    0.5927  0.008591  0.007551   0.05481
    50/199     9.76G  0.008169  0.007134   0.04428        90       640    0.9537    0.8875    0.9516     0.653    0.5907  0.008638  0.007688   0.05489
    51/199     9.76G  0.008171  0.007119   0.04429        87       640     0.953    0.8844    0.9506    0.6411    0.5865  0.008718   0.00773   0.05528
    52/199     9.76G  0.008152  0.007046   0.04439       124       640    0.9454    0.8864    0.9471    0.6437    0.5858  0.008711  0.007776   0.05511
    53/199     9.76G  0.008183  0.007096   0.04432       104       640    0.9529    0.8816    0.9466    0.6432    0.5855   0.00868  0.007801   0.05503
    54/199     9.76G  0.008141  0.007048   0.04421        93       640    0.9539    0.8871    0.9502    0.6523    0.5908  0.008616  0.007623   0.05485
    55/199     9.76G  0.008172  0.007097   0.04434       103       640    0.9553    0.8839    0.9491    0.6434    0.5865  0.008704  0.007697   0.05525
    56/199     9.76G  0.008152  0.007054    0.0442       128       640     0.954    0.8841    0.9485    0.6427    0.5858  0.008704  0.007645   0.05535
    57/199     9.76G  0.008163  0.007065   0.04437       126       640    0.9575    0.8925    0.9539     0.643    0.5877   0.00868  0.007529   0.05531
    58/199     9.76G  0.008136  0.007021   0.04427       115       640    0.9516     0.897    0.9547    0.6482    0.5888  0.008677  0.007531   0.05513
    59/199     9.76G  0.008091   0.00698   0.04418       129       640    0.9541    0.8971    0.9553    0.6515    0.5904  0.008632  0.007435   0.05493
    60/199     9.76G  0.008116  0.006951   0.04412       120       640    0.9579    0.8961    0.9555    0.6595    0.5946  0.008604  0.007333   0.05496
    61/199     9.76G  0.008077  0.006972   0.04397       107       640    0.9559    0.8913    0.9503    0.6595    0.5939  0.008586  0.007404   0.05494
    62/199     9.76G  0.008084  0.006974   0.04411        98       640    0.9564    0.8785    0.9491    0.6541    0.5911  0.008634  0.007497   0.05508
    63/199     9.76G  0.008122  0.007004   0.04416       123       640    0.9644    0.8682    0.9477    0.6564    0.5896  0.008663    0.0076   0.05514
    64/199     9.76G  0.008104  0.006985     0.044        82       640    0.9595     0.882    0.9502     0.657    0.5923  0.008606  0.007492   0.05499
    65/199     9.76G  0.008015  0.006935   0.04395        96       640    0.9548    0.8903    0.9514    0.6566    0.5938  0.008577  0.007425   0.05494
    66/199     9.76G  0.008036   0.00695   0.04403       108       640    0.9569    0.8878    0.9499    0.6581    0.5938  0.008566   0.00749   0.05489
    67/199     9.76G  0.008005  0.006878   0.04357        98       640    0.9571    0.8838    0.9488    0.6585    0.5932  0.008547   0.00753   0.05476
    68/199     9.76G  0.008049  0.006907   0.04401       131       640    0.9593     0.883    0.9492    0.6557    0.5918  0.008565  0.007506   0.05488
    69/199     9.76G  0.008009  0.006852   0.04379        81       640    0.9562    0.8842    0.9495    0.6572     0.593  0.008551  0.007476   0.05478
    70/199     9.76G  0.008011   0.00687    0.0437        98       640    0.9566    0.8816    0.9511    0.6563    0.5924  0.008551  0.007435   0.05478
    71/199     9.76G  0.008005   0.00685   0.04388        90       640    0.9666    0.8709    0.9509    0.6573    0.5938  0.008534  0.007404   0.05476
    72/199     9.76G  0.008007  0.006862   0.04375       112       640    0.9623    0.8758    0.9524     0.662    0.5963  0.008483  0.007358   0.05454
    73/199     9.76G  0.007997  0.006811    0.0437       109       640    0.9603    0.8829     0.954    0.6637    0.5972  0.008468  0.007316   0.05446
    74/199     9.76G  0.007988  0.006817   0.04381       110       640    0.9632    0.8835    0.9549     0.665    0.5983  0.008463  0.007262   0.05447
    75/199     9.76G  0.007971  0.006802   0.04364       109       640    0.9634    0.8849    0.9561    0.6649    0.5991  0.008462  0.007232   0.05448
    76/199     9.76G  0.007956    0.0068   0.04352       109       640    0.9622    0.8861    0.9559    0.6668    0.5998  0.008457  0.007215   0.05447
    77/199     9.76G  0.007949  0.006803   0.04363       114       640    0.9591    0.8881    0.9558     0.668    0.6004  0.008451  0.007211   0.05443
    78/199     9.76G   0.00796   0.00675   0.04364       128       640    0.9656    0.8836    0.9558    0.6677    0.6009  0.008458  0.007214   0.05443
    79/199     9.76G  0.007934  0.006794   0.04344       127       640    0.9637    0.8848     0.955    0.6664    0.6003  0.008461  0.007214   0.05445
    80/199     9.76G  0.007922  0.006758   0.04351       124       640    0.9596    0.8867    0.9545    0.6682    0.6015  0.008454  0.007225   0.05442
    81/199     9.76G  0.007917  0.006796   0.04343       112       640    0.9607    0.8837    0.9539    0.6703    0.6018  0.008453  0.007235   0.05441
    82/199     9.76G  0.007908  0.006758   0.04331       114       640    0.9612    0.8836    0.9545     0.668    0.6016  0.008456  0.007229   0.05442
    83/199     9.76G  0.007868  0.006729   0.04321        98       640    0.9602    0.8844    0.9545    0.6681     0.602  0.008453  0.007228   0.05442
    84/199     9.76G  0.007893  0.006727   0.04334       107       640     0.961    0.8869    0.9548    0.6697    0.6029   0.00844  0.007203   0.05437
    85/199     9.76G  0.007936  0.006761   0.04356       105       640    0.9611    0.8868    0.9551    0.6693    0.6027  0.008445  0.007198   0.05439
    86/199     9.76G  0.007883  0.006713   0.04329       109       640    0.9697    0.8808    0.9565    0.6706    0.6031  0.008441   0.00718   0.05438
    87/199     9.76G  0.007885  0.006703   0.04347        98       640    0.9619    0.8877    0.9563     0.671    0.6031  0.008438  0.007157   0.05437
    88/199     9.76G  0.007867  0.006688   0.04316       106       640    0.9618    0.8883    0.9562    0.6727    0.6038  0.008432  0.007143   0.05434
    89/199     9.76G  0.007843  0.006644   0.04306       116       640    0.9615     0.888    0.9554    0.6729    0.6038  0.008432  0.007134   0.05434
    90/199     9.76G  0.007844  0.006649   0.04317        85       640     0.962    0.8871    0.9555    0.6734     0.604  0.008428  0.007122   0.05432
    91/199     9.76G  0.007848  0.006656   0.04326       119       640    0.9606    0.8879    0.9554    0.6746    0.6041  0.008426  0.007109   0.05432
    92/199     9.76G  0.007813  0.006591   0.04318       118       640    0.9616    0.8866    0.9557    0.6735    0.6042  0.008425  0.007098   0.05432
    93/199     9.76G  0.007789  0.006623   0.04312       102       640    0.9557    0.8911    0.9557    0.6743    0.6045  0.008425  0.007101   0.05431
    94/199     9.76G  0.007809  0.006636   0.04321        96       640    0.9557    0.8895    0.9554    0.6744    0.6046  0.008424  0.007095   0.05431
    95/199     9.76G  0.007774  0.006597   0.04303        98       640    0.9575    0.8886    0.9558    0.6744    0.6045  0.008427  0.007082   0.05433
    96/199     9.76G  0.007766  0.006612    0.0429       106       640    0.9576    0.8887    0.9558    0.6757    0.6045  0.008427  0.007075   0.05433
    97/199     9.76G    0.0078  0.006589   0.04312       141       640    0.9562    0.8893    0.9554    0.6747    0.6045  0.008429   0.00707   0.05434
    98/199     9.76G   0.00777  0.006567   0.04308       109       640    0.9567    0.8905    0.9557    0.6741    0.6043  0.008427  0.007059   0.05433
    99/199     9.76G  0.007749  0.006532   0.04288        93       640    0.9537    0.8932    0.9558    0.6754    0.6044  0.008428   0.00705   0.05433
   100/199     9.76G  0.007713  0.006524   0.04274        97       640    0.9536    0.8934    0.9561     0.675    0.6044  0.008424  0.007038   0.05431
   101/199     9.76G  0.007734  0.006527   0.04287       106       640    0.9542    0.8917    0.9562     0.675     0.604  0.008425  0.007036   0.05431
   102/199     9.76G  0.007775  0.006539   0.04294       116       640     0.955    0.8911    0.9564    0.6753    0.6037  0.008429  0.007036   0.05432
   103/199     9.76G   0.00771  0.006521   0.04276       136       640    0.9521     0.894    0.9563    0.6763     0.604  0.008427  0.007028   0.05431
   104/199     9.76G  0.007713  0.006509   0.04275        82       640    0.9566    0.8911    0.9569    0.6756    0.6041  0.008426  0.007025    0.0543
   105/199     9.76G   0.00769  0.006507   0.04273       111       640    0.9573    0.8906    0.9569    0.6766    0.6038  0.008428  0.007024   0.05432
   106/199     9.76G  0.007687  0.006528    0.0427       120       640     0.958    0.8906    0.9576    0.6766    0.6044  0.008426  0.007018    0.0543
   107/199     9.76G  0.007641  0.006465   0.04245       107       640    0.9554    0.8928    0.9574    0.6779    0.6044  0.008423  0.007009    0.0543
   108/199     9.76G  0.007649  0.006483   0.04242       100       640    0.9531    0.8952    0.9573    0.6784     0.605  0.008423  0.007007    0.0543
   109/199     9.76G  0.007655  0.006449   0.04254       123       640    0.9588    0.8904     0.958    0.6779    0.6051  0.008423  0.007004    0.0543
   110/199     9.76G   0.00767  0.006453   0.04257       106       640    0.9542    0.8958    0.9584    0.6777    0.6054   0.00842   0.00699   0.05429
   111/199     9.76G  0.007649  0.006462   0.04275       141       640    0.9543    0.8965    0.9581    0.6785    0.6058  0.008417  0.006978   0.05429
   112/199     9.76G  0.007664  0.006435   0.04257       122       640    0.9542    0.8966    0.9582    0.6792    0.6059  0.008417  0.006967    0.0543
   113/199     9.76G  0.007641  0.006453   0.04244       101       640    0.9581    0.8932    0.9582    0.6802    0.6063  0.008416  0.006963   0.05429
   114/199     9.76G  0.007607  0.006393   0.04239        84       640    0.9575    0.8937    0.9582      0.68    0.6061  0.008419  0.006964   0.05431
   115/199     9.76G  0.007626    0.0064   0.04243        78       640    0.9583    0.8933     0.958     0.681    0.6064  0.008421  0.006962   0.05432
   116/199     9.76G  0.007638  0.006416   0.04245        80       640    0.9561    0.8954    0.9581    0.6819    0.6068  0.008417  0.006958    0.0543
   117/199     9.76G  0.007534  0.006336   0.04211        99       640    0.9579    0.8941    0.9581    0.6827    0.6071  0.008414  0.006952   0.05429
   118/199     9.76G  0.007604  0.006402   0.04235       114       640    0.9566    0.8957    0.9586    0.6814     0.607  0.008416  0.006948    0.0543
   119/199     9.76G  0.007599   0.00639   0.04236       104       640    0.9536    0.8985    0.9585    0.6817     0.607  0.008415  0.006944    0.0543
   120/199     9.76G  0.007566  0.006349   0.04228       100       640    0.9542    0.8976    0.9587    0.6804    0.6067   0.00842  0.006944   0.05431
   121/199     9.76G  0.007581  0.006336   0.04232        97       640    0.9539    0.8977    0.9584    0.6801    0.6065  0.008423  0.006944   0.05434
   122/199     9.76G   0.00753  0.006328   0.04235       116       640     0.957    0.8948    0.9584      0.68    0.6064  0.008428  0.006945   0.05436
   123/199     9.76G  0.007526  0.006335   0.04212       152       640    0.9538    0.8984    0.9583    0.6796    0.6064  0.008431  0.006945   0.05437
   124/199     9.76G  0.007558   0.00631   0.04232       115       640    0.9547    0.8977    0.9582    0.6794    0.6063  0.008436  0.006949    0.0544
   125/199     9.76G  0.007532   0.00632   0.04217       109       640    0.9601    0.8924    0.9579    0.6783    0.6061  0.008437  0.006948   0.05441
   126/199     9.76G   0.00752  0.006333   0.04211       101       640    0.9565    0.8957    0.9576    0.6776    0.6059  0.008442   0.00695   0.05444
   127/199     9.76G  0.007536  0.006317   0.04219       119       640    0.9571    0.8956    0.9578    0.6784     0.606  0.008446  0.006947   0.05446
   128/199     9.76G  0.007477  0.006263   0.04189       121       640     0.956    0.8971    0.9579    0.6783    0.6057   0.00845  0.006946   0.05448
   129/199     9.76G  0.007453  0.006234   0.04172       126       640    0.9532    0.9001    0.9578    0.6781    0.6058  0.008452  0.006946    0.0545
   130/199     9.76G  0.007411  0.006215   0.04167       127       640    0.9541    0.8995    0.9573    0.6777    0.6053  0.008454  0.006949   0.05451
   131/199     9.76G  0.007442   0.00621   0.04183       104       640    0.9533    0.9006    0.9572    0.6777    0.6053  0.008456  0.006949   0.05452
   132/199     9.76G  0.007436   0.00621   0.04174       122       640    0.9532    0.9001    0.9569    0.6773     0.605  0.008459  0.006953   0.05453
   133/199     9.76G  0.007374  0.006154   0.04158       105       640    0.9533    0.9004     0.957    0.6771     0.605  0.008462   0.00695   0.05455
   134/199     9.76G  0.007444  0.006244   0.04199       115       640    0.9522    0.9017    0.9571    0.6774    0.6048  0.008463   0.00695   0.05456
   135/199     9.76G  0.007414  0.006179   0.04161       111       640    0.9529    0.9011    0.9569    0.6768    0.6046  0.008463  0.006947   0.05457
   136/199     9.76G  0.007408  0.006185   0.04172       130       640    0.9551    0.8995    0.9573    0.6765    0.6044  0.008465  0.006943   0.05458
   137/199     9.76G  0.007372  0.006162    0.0416        99       640    0.9544    0.9003    0.9573    0.6757    0.6041  0.008469  0.006943    0.0546
   138/199     9.76G  0.007389   0.00615   0.04156       106       640    0.9532    0.9012    0.9572    0.6769    0.6043  0.008473  0.006943   0.05462
   139/199     9.76G  0.007391   0.00616   0.04155        91       640    0.9536    0.9012    0.9572    0.6746    0.6039  0.008475  0.006943   0.05463
   140/199     9.76G  0.007327  0.006152   0.04142        98       640    0.9534    0.9013    0.9572    0.6757     0.604  0.008479  0.006943   0.05465
   141/199     9.76G  0.007365  0.006166   0.04155       104       640    0.9529    0.9019    0.9572    0.6745    0.6039   0.00848  0.006942   0.05466
   142/199     9.76G   0.00733  0.006112    0.0415       101       640    0.9533    0.9021    0.9571    0.6747    0.6035  0.008483  0.006941   0.05467
   143/199     9.76G  0.007341  0.006176   0.04149       147       640    0.9535     0.902    0.9571    0.6756    0.6035  0.008487  0.006941    0.0547
   144/199     9.76G  0.007343   0.00613   0.04154       109       640    0.9518     0.904    0.9574    0.6752    0.6034  0.008494  0.006943   0.05473
   145/199     9.76G  0.007326  0.006129   0.04134        77       640    0.9519    0.9038    0.9575    0.6739    0.6029  0.008503   0.00695   0.05477
   146/199     9.76G  0.007347  0.006136    0.0413       130       640    0.9545    0.9016     0.957    0.6727    0.6024  0.008506  0.006952   0.05478
   147/199     9.76G  0.007296  0.006105    0.0413       101       640    0.9549    0.9023    0.9576    0.6721    0.6023  0.008507   0.00695   0.05479
   148/199     9.76G  0.007312  0.006142   0.04139       110       640    0.9559    0.9007    0.9571    0.6738    0.6023  0.008509   0.00695   0.05481
   149/199     9.76G  0.007264  0.006062    0.0412       118       640    0.9565    0.9006    0.9572    0.6734    0.6023  0.008512  0.006949   0.05482
   150/199     9.76G  0.007233  0.006052   0.04106       120       640    0.9574    0.9011    0.9576    0.6734    0.6022  0.008513  0.006949   0.05484
   151/199     9.76G  0.007263  0.006059   0.04132       126       640    0.9566    0.9007    0.9573    0.6728    0.6019  0.008514  0.006946   0.05485
   152/199     9.76G  0.007247  0.006057   0.04113       122       640    0.9579    0.8994    0.9572     0.674    0.6021  0.008514  0.006944   0.05485
   153/199     9.76G  0.007219   0.00601   0.04099       111       640    0.9586    0.8988    0.9571    0.6744    0.6022  0.008516  0.006943   0.05487
   154/199     9.76G  0.007221  0.006016   0.04104       138       640    0.9565    0.9013    0.9573    0.6739    0.6019  0.008518  0.006942   0.05489
   155/199     9.76G  0.007255  0.006026   0.04101        97       640    0.9564    0.9016    0.9573    0.6729    0.6021  0.008521  0.006939   0.05491
   156/199     9.76G  0.007194  0.006005   0.04103       100       640    0.9541    0.9038    0.9572    0.6729    0.6019  0.008524  0.006938   0.05493
   157/199     9.76G  0.007168  0.006002   0.04089       105       640    0.9597    0.8996    0.9576    0.6714    0.6017  0.008527  0.006939   0.05495
   158/199     9.76G  0.007188  0.006009   0.04099       123       640    0.9607    0.8985    0.9576    0.6696    0.6014  0.008529  0.006939   0.05497
   159/199     9.76G  0.007151  0.005958   0.04086       131       640    0.9599    0.8988    0.9575    0.6693    0.6014  0.008532  0.006938   0.05499
   160/199     9.76G  0.007161  0.005959   0.04082       103       640    0.9525    0.9058    0.9575    0.6693    0.6014  0.008535  0.006935   0.05501
   161/199     9.76G  0.007169  0.005975   0.04083       111       640    0.9585    0.9006    0.9573    0.6694    0.6011  0.008536  0.006934   0.05502
   162/199     9.76G  0.007119  0.005935   0.04059       113       640     0.958    0.9012     0.957    0.6691    0.6015  0.008537   0.00693   0.05504
   163/199     9.76G  0.007116  0.005933    0.0407       134       640    0.9576    0.9018    0.9574    0.6692    0.6013  0.008537  0.006929   0.05505
   164/199     9.76G  0.007143  0.005942   0.04079        92       640    0.9559    0.9032     0.957    0.6689     0.601  0.008543  0.006928   0.05508
   165/199     9.76G    0.0071  0.005919   0.04064       128       640    0.9553    0.9037    0.9565    0.6684    0.6008  0.008547  0.006929    0.0551
   166/199     9.76G   0.00709  0.005929   0.04079       119       640    0.9553     0.904    0.9565     0.668    0.6005  0.008552  0.006929   0.05513
   167/199     9.76G  0.007115  0.005931   0.04085       101       640    0.9542    0.9051    0.9566    0.6675    0.6003  0.008555  0.006931   0.05515
   168/199     9.76G  0.007074  0.005901   0.04059       100       640    0.9578    0.9014    0.9563    0.6678    0.5998  0.008558  0.006933   0.05517
   169/199     9.76G  0.007062  0.005886   0.04051       142       640    0.9578    0.9016    0.9561    0.6674    0.5999   0.00856   0.00693   0.05519
   170/199     9.76G  0.007056  0.005898   0.04046       128       640    0.9557    0.9037     0.956    0.6668    0.5993  0.008565  0.006929   0.05523
   171/199     9.76G  0.007061  0.005899   0.04062       103       640    0.9546    0.9042     0.956    0.6668    0.5996  0.008568  0.006928   0.05525
   172/199     9.76G  0.007028  0.005849   0.04044        87       640    0.9549    0.9042    0.9562    0.6675    0.5996   0.00857  0.006928   0.05527
   173/199     9.76G  0.007069  0.005891   0.04058       111       640    0.9553    0.9038    0.9561    0.6664    0.5993  0.008574  0.006926    0.0553
   174/199     9.76G  0.007027  0.005835   0.04045        90       640    0.9556     0.904    0.9564    0.6673     0.599  0.008579  0.006925   0.05533
   175/199     9.76G  0.007036  0.005851    0.0404       107       640     0.956    0.9035    0.9565    0.6683    0.5989  0.008582  0.006923   0.05535
   176/199     9.76G  0.007022  0.005863   0.04038        99       640    0.9553     0.904    0.9565    0.6687    0.5988  0.008587  0.006924   0.05538
   177/199     9.76G  0.007004  0.005854   0.04034       111       640    0.9557    0.9037    0.9562    0.6675    0.5982  0.008596  0.006927   0.05542
   178/199     9.76G  0.007013  0.005844   0.04035       116       640    0.9556    0.9036    0.9562    0.6672     0.598  0.008603  0.006924   0.05547
   179/199     9.76G  0.006993  0.005822   0.04028        89       640    0.9565    0.9026     0.956    0.6666    0.5977  0.008606  0.006922   0.05549
   180/199     9.76G  0.006974  0.005813   0.04014       107       640    0.9567    0.9027    0.9557    0.6672    0.5975  0.008609   0.00692   0.05552
   181/199     9.76G  0.006994  0.005845   0.04035       144       640    0.9561    0.9033    0.9558    0.6667    0.5976  0.008611  0.006918   0.05555
   182/199     9.76G   0.00697  0.005796   0.04024       101       640    0.9565    0.9032    0.9555    0.6676    0.5975  0.008616  0.006917   0.05558
   183/199     9.76G  0.006956  0.005794   0.04016       160       640    0.9556    0.9046    0.9557    0.6666    0.5971  0.008616  0.006916   0.05559
   184/199     9.76G   0.00696  0.005821   0.04021        94       640    0.9555    0.9045    0.9557    0.6672    0.5972  0.008619  0.006915   0.05561
   185/199     9.76G  0.006962  0.005839   0.04021       116       640     0.957    0.9035    0.9557    0.6676    0.5976  0.008622   0.00691   0.05564
   186/199     9.76G  0.006929  0.005777   0.04018       110       640    0.9583    0.9025    0.9561    0.6677    0.5973  0.008626  0.006911   0.05566
   187/199     9.76G  0.006936  0.005798   0.04012       121       640    0.9558    0.9048     0.956    0.6672    0.5975  0.008627  0.006909   0.05568
   188/199     9.76G  0.006912  0.005777   0.04007       106       640    0.9557    0.9044    0.9556     0.668    0.5974  0.008631  0.006912   0.05571
   189/199     9.76G  0.006899   0.00574   0.03992        83       640    0.9571    0.9032    0.9556    0.6677    0.5972  0.008634   0.00691   0.05574
   190/199     9.76G  0.006895   0.00575   0.03989        88       640    0.9575    0.9029    0.9555    0.6674    0.5969  0.008637  0.006909   0.05576
   191/199     9.76G  0.006922  0.005786   0.04018       139       640    0.9581    0.9018    0.9552    0.6665    0.5967  0.008643  0.006908    0.0558
   192/199     9.76G  0.006895  0.005765   0.04011       102       640     0.957    0.9029    0.9555    0.6657    0.5966  0.008647  0.006908   0.05583
   193/199     9.76G   0.00691  0.005786   0.03996       111       640    0.9585     0.901    0.9551    0.6634    0.5959  0.008651   0.00691   0.05586
   194/199     9.76G  0.006924  0.005777   0.04009        93       640    0.9586     0.901    0.9551    0.6641    0.5956  0.008656  0.006912    0.0559
   195/199     9.76G  0.006887  0.005741      0.04       121       640    0.9567    0.9021    0.9549    0.6632    0.5951  0.008662  0.006911   0.05594
   196/199     9.76G   0.00689  0.005758   0.03999       140       640    0.9579    0.9013    0.9549    0.6628    0.5952  0.008669  0.006909   0.05598
   197/199     9.76G  0.006873  0.005735   0.03985       120       640    0.9575    0.9016    0.9546    0.6625    0.5948  0.008673   0.00691   0.05601
   198/199     9.76G  0.006874  0.005745   0.03983       134       640    0.9575    0.9013    0.9546    0.6619    0.5944  0.008675   0.00691   0.05603
   199/199     9.76G  0.006882  0.005727   0.03998       117       640    0.9504    0.9079    0.9543    0.6617    0.5943  0.008679  0.006907   0.05607
